data/20151201.json
{"header": {"lo2": 359, "refTime": "2014-03-04T06:00:00.000Z", "productDefinitionTemplate": 0, "productType": 1, "center": 7, "surface2Value": 0, "forecastTime": 9, "centerName": "US National Weather Service - NCEP(WMC)", "disciplineName": "Meteorological products", "la1": 90, "resolution": 48, "productTypeName": "Forecast products", "basicAngle": 0, "productDefinitionTemplateName": "Analysis/forecast at horizontal level/layer at a point in time", "subDivisions": 0, "parameterCategory": 2, "nx": 360, "productStatusName": "Operational products", "productStatus": 0, "shapeName": "Earth spherical with radius of 6,371,229.0 m", "subcenter": 0, "surface1Value": 50000, "surface2Type": 255, "ny": 181, "surface1Type": 100, "lo1": 0, "surface1TypeName": "Isobaric surface", "surface2TypeName": "Missing", "gridUnits": "degrees", "discipline": 0, "genProcessTypeName": "Forecast", "gribEdition": 2, "parameterNumber": 3, "gridDefinitionTemplate": 0, "shape": 6, "numberPoints": 65160, "significanceOfRT": 1, "parameterNumberName": "V-component_of_wind", "dx": 1, "significanceOfRTName": "Start of forecast", "parameterCategoryName": "Momentum", "gridDefinitionTemplateName": "Latitude_Longitude", "genProcessType": 2, "la2": -90, "gribLength": 132662, "dy": 1, "parameterUnit": "m.s-1", "winds": "true", "scanMode": 0}, "meta": {"date": "2014-03-04T15:00:00.000Z"}, "data":
[rows 38 to 75 of 181, columns 86 to 171 of 360]
-0.4875,-2.5715,-2.5357,-2.6488,-4.6353,-3.9144,-1.1695,-0.5513,-1.7143,-1.6773,-1.2313,-0.618,-0.0698,-0.7492,-1.0261,-0.7492,-0.5847,-0.7765,-0.7258,-0.8269,-0.6237,-0.1047,0.0,-0.5724,-0.6749,-0.279,-0.6257,-1.5629,-2.2943,-3.2361,-1.1184,-5.6015,-7.0,-6.8937,-3.6542,-4.6359,-2.2368,-1.7207,-0.5567,-1.7492,-4.9627,-6.9904,-4.0451,-2.0074,-0.7986,-2.3474,-1.1695,-0.7632,-3.9144,-1.9534,-0.6257,-0.8682,-1.9534,-0.5724,-0.848,-0.9945,-1.095,-0.3664,-3.5166,-5.1622,-5.456,-4.5924,-3.3552,-2.8168,-1.9537,0.0,0.0,0.0,0.0,0.0,0.0,0.0,0.0,0.0,0.0,0.0,0.0,0.0,0.0,0.0,0.0,0.0,0.0,0.0,0.0,0.0
-7.9404,-7.989,-7.1877,-7.8716,-0.5229,-4.5677,-3.3162,-1.8794,-0.8988,-1.364,-0.3129,-0.6237,-0.8767,-0.3473,-0.2437,-0.4158,-0.2437,-0.4175,-0.5209,-0.3136,-0.3136,-0.4175,-0.0524,-0.157,-0.6749,-0.7258,-0.2615,-0.6237,-1.6905,-2.424,-2.7239,-2.6222,-2.6222,-0.2617,-3.41,-4.7553,-5.9854,-6.0,-5.8898,-6.9319,-6.9478,-6.7844,-5.032,-4.0958,-4.8063,-4.3096,-5.1962,-3.0782,-4.3731,-4.3837,-3.7759,-1.841,-0.9945,-0.8767,-1.2475,-0.6272,-1.6935,-2.6302,-3.0,-4.9253,-3.8785,-2.6222,-2.5086,-2.7362,-2.2051,0.0,0.0,0.0,0.0,0.0,0.0,0.0,0.0,0.0,0.0,0.0,0.0,0.0,0.0,0.0,0.0,0.0,0.0,0.0,0.0,0.0
-3.682,-3.9848,-0.2093,-2.2943,-1.4387,-4.4147,-3.8637,-1.9487,-3.9508,-2.6488,-3.9781,-4.9081,-2.9708,-1.888,-1.9284,-1.2856,-1.4544,-1.4084,-1.5898,-1.0,-0.5209,-0.0524,-0.2093,-0.0524,-1.0751,-1.4544,-0.9271,0.0,-0.5209,-0.6946,-1.0396,-1.3497,-1.6935,-2.1631,-2.4404,-1.873,-1.2679,-4.4147,-4.9384,-4.9878,-3.8252,-3.7588,-2.9344,-3.8975,-5.3928,-3.9144,-3.2139,-2.0466,-2.0706,-1.6633,-6.0002,-6.3891,-4.3096,-2.8679,-3.2139,-3.2139,-2.424,-1.873,-2.1502,-2.279,-3.7461,-5.6988,-4.298,-3.032,-3.7082,0.0,0.0,0.0,0.0,0.0,0.0,0.0,0.0,0.0,0.0,0.0,0.0,0.0,0.0,0.0,0.0,0.0,0.0,0.0,0.0,0.0
-2.8532,-3.3162,-1.847,-3.9364,-4.8296,-1.8126,-3.9976,-2.5981,-1.2036,-5.9991,-5.8898,-5.8462,-5.5631,-3.9265,-2.7615,-1.6773,-2.084,-1.9682,-1.9682,-1.888,-1.5898,-1.3151,-0.8771,-0.6237,-0.2093,-0.4175,-0.5209,-0.6237,-0.7258,-0.8771,-0.3136,-0.5724,-1.3023,-0.9677,-1.2941,-2.0,-1.364,-0.3656,-2.1941,-2.7615,-2.084,-2.0602,-2.9344,-1.841,-0.4695,-0.6511,-0.5209,-0.1047,-2.0246,-4.3633,-5.9363,-6.9282,-8.785,-7.0921,-4.316,-2.7351,-2.4721,-2.339,-2.4807,-2.2495,-1.3406,-0.3839,-2.0336,-2.4949,-1.2187,0.0,0.0,0.0,0.0,0.0,0.0,0.0,0.0,0.0,0.0,0.0,0.0,0.0,0.0,0.0,0.0,0.0,0.0,0.0,0.0,0.0
-3.7157,-2.7239,-4.2858,-6.9478,-6.9734,-7.9988,-5.9553,-4.494,-1.362,-0.1395,-3.7759,-2.9089,-1.1722,-0.279,-2.1786,-2.8191,-2.4871,-2.1213,-1.9682,-2.4626,-2.5712,-2.5173,-1.8054,-1.2202,-0.7765,-0.4175,-0.1047,-0.2783,-0.1743,-2.2368,-4.0958,-4.997,-3.682,-5.6382,-5.9854,-4.7553,-3.8042,-0.7492,-2.1786,-0.8269,-0.4695,-1.6776,-0.6511,-1.989,-4.316,-5.1195,-4.7023,-3.8036,-3.3715,-4.7023,-4.8541,-4.316,-5.1622,-5.6654,-5.1642,-3.9073,-3.0902,-2.1773,-1.5643,-0.9587,-1.2543,-1.6701,-0.9587,-1.4624,-2.4949,0.0,0.0,0.0,0.0,0.0,0.0,0.0,0.0,0.0,0.0,0.0,0.0,0.0,0.0,0.0,0.0,0.0,0.0,0.0,0.0,0.0
-0.2615,-0.6749,-1.841,-2.6765,-3.6252,-3.845,-1.8541,-3.1466,-4.9742,-3.9848,-2.9708,-1.7634,-2.9089,-6.5351,-3.9508,-5.9772,-4.9992,-4.981,-3.9126,-3.564,-2.3314,-1.847,-1.5451,-1.5,-0.1395,-0.5847,-1.4544,-2.4626,-0.4499,-2.9708,-3.9903,-0.7193,-0.5176,-0.7986,-1.4084,-3.4641,-3.9848,-3.2361,-2.2943,-1.0751,-1.7321,-1.8271,-1.9696,-2.2294,-1.2361,-0.0873,-1.8712,-2.287,-3.6053,-4.9253,-4.4052,-3.2539,-2.0246,-2.6994,-4.1042,-4.298,-3.5812,-1.5628,-0.1745,-0.349,-0.349,-0.192,-0.5757,0.0,-0.8716,0.0,0.0,0.0,0.0,0.0,0.0,0.0,0.0,0.0,0.0,0.0,0.0,0.0,0.0,0.0,0.0,0.0,0.0,0.0,0.0,0.0
-6.5351,-3.1945,-1.6383,-3.9702,-0.682,-5.8462,-6.6941,-7.9696,-8.9781,-7.989,-5.8898,-0.2093,-0.5226,-2.424,-1.1722,-3.9144,-6.1806,-7.0636,-6.8937,-5.9671,-5.7063,-5.9261,-5.9671,-5.9991,-5.8218,-2.8366,-1.1238,-1.3121,-0.8746,-1.6339,-0.8192,-0.5209,-1.8794,-0.684,-3.7588,-2.0074,-2.5441,-2.9344,-2.9449,-4.8719,-3.4985,-3.8857,-3.1086,-3.4985,-3.4985,-2.0,-0.2443,-3.2253,-4.9253,-4.8145,-5.2992,-5.9019,-5.9167,-4.3004,-3.0782,-2.4807,-3.0902,-2.9237,-2.0246,-1.2515,-1.2155,-1.6633,-2.4721,-2.9969,-2.4721,0.0,0.0,0.0,0.0,0.0,0.0,0.0,0.0,0.0,0.0,0.0,0.0,0.0,0.0,0.0,0.0,0.0,0.0,0.0,0.0,0.0
-8.5595,-6.7615,-8.9507,-6.9904,-4.5963,-4.092,-0.0,-5.9553,-4.981,-1.9754,-0.9389,-5.6015,-7.989,-7.9988,-9.9027,-9.8163,-7.9221,-4.6679,-3.2139,-2.8978,-3.845,-0.2091,-2.728,-0.7071,-3.4287,-4.5283,-7.7942,-7.1281,-5.8898,-4.3301,-1.4984,-0.0698,0.0,-2.5715,-2.9726,-2.5441,-4.8907,-4.9513,-3.5967,-2.7816,-1.7659,-0.9659,-2.1941,-2.4073,-1.8544,-2.2641,-0.0873,-2.7362,-3.3809,-2.9237,-2.6611,-3.2161,-2.4745,-3.3715,-4.9018,-4.8481,-2.279,-1.2475,-2.0466,-0.8316,-0.2093,-0.5229,-1.6935,-2.279,-3.3552,0.0,0.0,0.0,0.0,0.0,0.0,0.0,0.0,0.0,0.0,0.0,0.0,0.0,0.0,0.0,0.0,0.0,0.0,0.0,0.0,0.0
-3.9848,-1.5543,-1.9988,-1.891,-0.2091,-0.8771,-3.3547,-3.7087,-3.9903,-0.4181,-1.2475,-6.5532,-8.7327,-4.0958,-1.7492,-2.9836,-0.8572,-5.8898,-8.6933,-7.9562,-6.9829,-2.1786,-1.9997,-1.816,-1.9851,-2.8774,-4.3301,-4.6025,-2.7786,-1.5265,-4.1203,-3.9848,-2.2294,-3.1086,-4.0958,-2.364,-2.9449,-4.9992,-3.9126,-2.6765,-1.0261,-4.316,-4.3881,-2.0,-0.9998,-0.9945,-0.3584,-2.9969,-3.0902,-3.5837,-4.5399,-4.4741,-4.8699,-6.62,-7.7782,-8.6321,-7.1877,-7.0636,-7.1877,-5.6631,-3.9401,-3.7759,-2.2368,-3.564,-6.1223,0.0,0.0,0.0,0.0,0.0,0.0,0.0,0.0,0.0,0.0,0.0,0.0,0.0,0.0,0.0,0.0,0.0,0.0,0.0,0.0,0.0
-0.1743,-0.0,-0.0349,-1.0261,-0.7492,-0.4848,-0.9063,-0.8829,-0.2756,-3.2766,-3.9265,-3.9702,-3.9945,-4.6985,-5.8898,-3.9945,-3.9702,-4.6359,-4.8063,-0.515,-0.2615,-1.095,-1.3892,-2.5752,-2.9836,-0.0873,-1.362,-3.8125,-5.9363,-4.2426,-4.316,-7.6504,-6.9319,-2.728,-2.1197,-4.2394,-5.5904,-8.8892,-8.8033,-5.9918,-2.516,-2.728,-0.3486,-2.7232,-0.2093,-0.9677,-2.8284,-2.6313,-0.192,-0.3839,-0.7844,-0.6976,-2.287,-0.1047,-3.0686,-1.1134,-2.0246,-2.7351,-3.7558,-5.2485,-5.1195,-4.5677,-6.6574,-5.3623,-4.9497,0.0,0.0,0.0,0.0,0.0,0.0,0.0,0.0,0.0,0.0,0.0,0.0,0.0,0.0,0.0,0.0,0.0,0.0,0.0,0.0,0.0
-1.5451,-0.8771,-1.3782,-0.0524,-1.1756,-1.3121,-0.3256,-0.309,-0.2783,-0.6272,-1.6633,-4.6629,-3.9401,-3.9265,-2.6239,-2.8774,-3.1795,-4.0,-3.9144,-2.5752,-1.0353,-0.1736,-0.7193,-5.6382,-5.1962,-4.0958,-3.5952,-3.4287,-2.4871,-1.9997,-3.6252,-3.1466,-2.2294,-1.9805,-2.9449,-1.3383,-0.225,-0.5209,-0.1047,-0.4883,-4.5315,-5.6639,-0.8531,-4.4147,-2.5752,-1.9284,-1.5543,-0.7822,-2.7362,-4.3571,-4.5886,-3.6319,-5.3623,-8.5595,-3.6252,0.0,-0.8531,-0.8531,-0.8682,-0.8682,-0.7822,-2.5752,-2.5357,-3.8125,-4.8145,0.0,0.0,0.0,0.0,0.0,0.0,0.0,0.0,0.0,0.0,0.0,0.0,0.0,0.0,0.0,0.0,0.0,0.0,0.0,0.0,0.0
-2.1631,-3.8036,-1.2155,-0.4875,-0.8998,-0.6237,-0.684,-0.788,-0.2588,-2.728,-3.7157,-3.3937,-1.9295,-5.4813,-6.8714,-4.997,-5.7676,-0.3129,-1.9021,-1.7659,-0.9455,-0.8135,-1.6776,-2.4626,-2.0074,-1.7976,-1.7976,-0.8135,-0.6237,-1.0353,-1.4619,-1.6278,-0.4181,-0.157,-0.4848,-0.9903,-2.2641,-3.7343,-2.9583,-0.6101,-0.1745,-0.6959,-3.152,-4.9992,-5.8898,-4.981,-5.0883,-7.3135,-6.138,-4.2394,-3.9364,-6.7288,-9.8769,-8.9879,-7.9127,-6.364,-6.237,-6.6574,-3.7343,-3.2139,-3.2863,-2.6302,-1.4619,-1.9534,-2.7351,0.0,0.0,0.0,0.0,0.0,0.0,0.0,0.0,0.0,0.0,0.0,0.0,0.0,0.0,0.0,0.0,0.0,0.0,0.0,0.0,0.0
-2.7812,-1.8541,-1.1695,-0.9677,-0.8269,-1.1722,-1.362,-2.0602,-2.5712,-1.1756,-0.3584,-2.6302,-3.7759,-5.6731,-3.845,-1.7918,-1.7542,-0.7071,-0.5,-0.7431,-0.4181,-0.6946,-1.0353,-1.9392,-2.9254,-2.364,-1.3893,-0.2091,-0.3136,-0.2093,-1.0396,-2.084,-2.8284,-4.5677,-4.9878,-4.8063,-5.0,-3.9126,-6.9829,-8.6067,-8.7327,-6.9957,-7.9221,-3.6542,-0.342,-1.5747,-3.3937,-3.0091,-3.7588,-6.9989,-8.7693,-8.1915,-8.6321,-7.4314,-5.5573,-4.0,-1.9537,-0.1047,-1.7173,-2.7351,-2.7239,-3.8567,-4.168,-4.168,-3.7759,0.0,0.0,0.0,0.0,0.0,0.0,0.0,0.0,0.0,0.0,0.0,0.0,0.0,0.0,0.0,0.0,0.0,0.0,0.0,0.0,0.0
-1.5747,-0.7312,-0.9386,-1.2361,-1.4984,-1.6269,-1.6905,-1.816,-1.8779,-2.5,-3.3457,-2.364,-0.1743,-1.5973,-4.924,-7.5175,-6.7921,-3.3457,-6.0622,-4.4735,-1.9696,-1.8779,-0.1047,-2.9631,-3.9392,-2.8689,-1.5094,0.0,-0.157,-0.3486,-0.0698,-1.1695,-1.0751,-1.576,-0.9511,-0.454,-1.0396,-2.3314,-0.6691,-0.1047,-0.342,-0.7193,-2.9776,-5.5631,-3.9848,-4.2402,-6.5778,-7.8252,-3.2139,-1.3782,-0.975,0.0,-0.5757,-2.4949,-2.5882,-2.4721,-2.1919,-0.1047,-0.4181,-0.9677,-2.5712,-4.7281,-4.4589,-3.3457,-3.7759,0.0,0.0,0.0,0.0,0.0,0.0,0.0,0.0,0.0,0.0,0.0,0.0,0.0,0.0,0.0,0.0,0.0,0.0,0.0,0.0,0.0
-2.0521,-1.8541,-1.7996,-1.5529,-1.6269,-2.0,-2.0602,-1.8779,-2.1131,-1.9537,-1.4984,-2.1197,-2.1197,-2.4073,-2.9726,-0.4158,-3.3922,-0.682,-1.5629,-2.6242,-2.8978,-3.8975,-5.4378,-0.9744,-0.9903,-1.9754,-2.6964,-2.1213,-1.3151,-0.8269,-0.3656,-0.6511,-0.6018,-0.9781,-0.515,-0.4175,-0.7632,-0.9455,-1.9682,-3.3922,-5.0883,-3.9903,-0.4181,-2.27,-3.6252,-3.2361,-1.1238,-0.7312,-2.27,-2.6222,-2.9969,-3.507,-3.3937,-4.2426,-4.3731,-4.4147,-3.9976,-3.9702,-4.5315,-6.1806,-6.0622,-5.8033,-5.5904,-4.6629,-4.5963,0.0,0.0,0.0,0.0,0.0,0.0,0.0,0.0,0.0,0.0,0.0,0.0,0.0,0.0,0.0,0.0,0.0,0.0,0.0,0.0,0.0
-2.3474,-3.4733,-3.5967,-3.2678,-2.8168,-2.424,-2.27,-2.5,-2.27,-2.7239,-2.6302,-3.2863,-2.796,-1.6269,-1.5451,-1.847,-1.6269,-1.4515,-0.6237,-0.684,-0.3746,-0.3907,-1.1025,-0.1908,-3.9265,-1.9851,-1.891,-1.9754,-0.6428,-0.0,-0.2079,-0.0523,-0.225,-0.0,-0.1564,-1.5321,-6.5351,-6.0377,-5.9918,-2.8978,-1.816,-0.3656,-1.6278,-2.0602,-3.3162,-2.7615,-0.7167,-0.0873,-1.5529,-2.9583,-3.5267,-4.0958,-5.5904,-5.4813,-4.2858,-4.8515,-4.997,-3.3162,-4.092,-5.8508,-6.3891,-6.6323,-7.1877,-6.3891,-6.6323,0.0,0.0,0.0,0.0,0.0,0.0,0.0,0.0,0.0,0.0,0.0,0.0,0.0,0.0,0.0,0.0,0.0,0.0,0.0,0.0,0.0
-1.6278,-2.5712,-3.2361,-2.9254,-3.2361,-3.4641,-2.9726,-3.1086,-2.8774,-3.0642,-3.8857,-4.1934,-3.5318,-2.3959,-1.8126,-1.576,-2.4626,-3.6568,-2.5752,-2.084,-1.5543,-0.454,-2.8284,-2.27,-1.9284,-5.8689,-3.4733,-0.8998,-0.618,-0.1564,0.0,-0.3907,-0.7071,-1.4387,-2.5173,-7.1281,-3.8637,-2.8191,-1.4619,-1.7101,-2.2476,-4.4589,-1.2941,-0.0,-0.2756,-0.2093,-0.6257,-2.796,-4.0148,-2.2294,-2.6765,-2.5173,-2.4073,-2.8007,-3.845,-3.0642,-1.7101,-1.8541,-1.8541,-2.9583,-3.3937,-3.1779,-3.2863,-4.3571,-4.8626,0.0,0.0,0.0,0.0,0.0,0.0,0.0,0.0,0.0,0.0,0.0,0.0,0.0,0.0,0.0,0.0,0.0,0.0,0.0,0.0,0.0
-0.0698,-1.0261,-2.1213,-1.5898,-2.8284,-2.673,-2.6239,-1.6776,-1.5451,-1.816,-2.0602,-1.782,-2.673,-2.2641,-2.4871,-1.362,-1.1695,-2.9254,-3.9611,-4.981,-2.9927,-1.9487,-3.7588,-3.7087,-2.8366,-2.9886,-2.9449,-1.9563,-1.0598,-0.3136,-1.1472,-0.2091,-2.8679,-5.1195,-4.5924,-1.4544,-0.8269,-0.7317,-1.4554,-0.0,-1.7535,-2.5173,-1.2036,-0.454,-1.7634,-0.4175,-0.5847,-0.684,0.0,-0.4067,-0.682,-0.6293,-2.2294,-4.0148,-1.2096,-0.2094,-0.2443,-0.2443,-0.9742,-1.4515,-2.1631,-1.3497,-0.8682,-2.0521,-3.694,0.0,0.0,0.0,0.0,0.0,0.0,0.0,0.0,0.0,0.0,0.0,0.0,0.0,0.0,0.0,0.0,0.0,0.0,0.0,0.0,0.0
-2.046,-0.9389,-0.1047,-0.6749,-0.9271,-2.364,-2.673,-2.046,-1.362,-0.9389,-0.9389,-1.5543,-1.9682,-1.9682,-2.9231,-1.1184,-0.8998,-1.3681,-0.9389,-0.7071,-0.9945,-1.6581,-0.0524,-0.6257,-1.847,-0.1395,-0.8452,-0.3136,-1.5629,-2.5752,-4.5963,-6.8714,-6.7288,-2.6242,-2.4271,-1.2361,-2.3444,-1.9354,-1.4984,-2.8774,-0.4875,-0.0,-1.2313,-1.364,-1.5451,-1.8054,-2.4871,-1.1184,-0.0349,-1.0261,-0.3486,-1.0353,-1.2941,-0.835,-1.2155,-2.0466,-2.0466,-2.2476,-3.3937,-3.5267,-4.5924,-4.1145,-2.5752,-1.7634,-2.9254,0.0,0.0,0.0,0.0,0.0,0.0,0.0,0.0,0.0,0.0,0.0,0.0,0.0,0.0,0.0,0.0,0.0,0.0,0.0,0.0,0.0
-1.0893,-0.7771,-0.7071,-1.3121,-1.2036,-0.6428,-0.9272,-0.8192,-0.2419,-0.3746,-0.6157,-0.6157,-0.4158,-2.673,-1.8794,-2.0602,-2.7232,-3.4733,-0.5,-0.9563,-0.9816,-1.9126,-1.0751,-2.0337,-4.1452,-5.8898,-6.1806,-3.9392,-3.9932,-5.44,-2.4404,-0.4499,-1.5543,-0.6959,-0.3136,-2.424,-1.3917,-3.8812,-5.346,-2.3511,-0.2093,-2.7406,-2.9449,-2.084,-0.3129,-0.6428,-0.2419,-0.2419,-0.2419,-1.1248,-1.1449,-0.8531,-0.2094,-0.1047,-0.9742,-2.0466,-2.339,-1.7542,-1.4515,-2.4404,-1.2096,-0.835,-2.6302,-2.2368,-2.5173,0.0,0.0,0.0,0.0,0.0,0.0,0.0,0.0,0.0,0.0,0.0,0.0,0.0,0.0,0.0,0.0,0.0,0.0,0.0,0.0,0.0
-1.6581,-2.8007,-2.8191,-2.9631,-3.8975,-2.9959,-1.9924,-2.4271,-1.9225,-1.5543,-1.8126,-2.8838,-3.3922,-1.9997,-3.8042,-4.8063,-5.6015,-6.0002,-1.4627,-0.309,-1.9988,-0.9903,-0.0349,-0.3129,0.0,-0.7193,-0.7771,-1.9563,-4.168,-4.5963,-5.7676,-3.0,-0.4181,-0.3656,-2.1919,-5.0346,-0.5229,-0.5209,-0.4187,-0.9386,-1.0353,-1.9126,-0.1736,-0.9945,-0.342,-1.5094,-0.515,-0.3256,0.0,-0.2437,-0.279,-1.0419,-1.8117,-1.6935,-0.314,-1.2475,-0.4185,-1.5747,-1.5529,-0.6946,-1.0396,-2.4404,-2.9389,-1.0,-1.1722,0.0,0.0,0.0,0.0,0.0,0.0,0.0,0.0,0.0,0.0,0.0,0.0,0.0,0.0,0.0,0.0,0.0,0.0,0.0,0.0,0.0
-0.8746,-3.8252,-2.9886,-2.9708,-2.9886,-3.7588,-2.5981,-2.5441,-3.4287,-2.2294,-2.1941,-2.158,-2.9344,-3.9848,-3.8252,-3.845,-3.4985,-3.3547,-0.6561,-1.7143,-0.9336,-0.8988,-0.7431,-0.342,-0.8452,-1.2856,-1.5094,-1.2856,-0.2924,-0.9389,-0.5299,-1.3681,-1.6905,-3.9364,-1.2515,-0.0,-4.0451,-5.0354,-1.2096,-2.9109,-2.9708,-2.3314,-0.3656,-1.3023,-0.954,0.0,-0.1392,-0.0523,-0.1045,-0.0698,-0.0523,-0.314,-0.1047,-0.2443,-0.1047,-1.2475,-1.6538,-0.835,-1.1248,-0.0698,-0.2093,-1.1695,-0.0523,-0.2588,-0.2419,0.0,0.0,0.0,0.0,0.0,0.0,0.0,0.0,0.0,0.0,0.0,0.0,0.0,0.0,0.0,0.0,0.0,0.0,0.0,0.0,0.0
-1.9988,-1.9924,-1.9988,-2.9995,-2.9776,-2.9231,-2.3959,-3.3162,-3.4287,-3.0188,-3.5952,-2.7816,-2.9631,-3.3922,-3.1945,-3.3162,-2.364,-2.1941,-0.6157,-0.2079,-0.684,-0.1736,-1.9754,-1.8672,-0.2588,-0.829,-1.9319,-2.9927,-1.9487,-0.9945,-0.8316,-0.7815,-1.4387,-0.7258,-2.5086,-2.8366,-4.1452,-3.8036,-2.27,-2.7786,-2.6242,-2.5712,-1.1722,-1.4084,-1.1238,-0.0524,-0.618,-0.3256,-0.225,-0.0349,-0.3473,-1.3497,-0.6946,-1.3782,-1.3782,-1.2941,-1.1449,-0.8682,-1.0353,-1.6339,-2.7406,-1.9284,-0.908,-0.4695,-1.2202,0.0,0.0,0.0,0.0,0.0,0.0,0.0,0.0,0.0,0.0,0.0,0.0,0.0,0.0,0.0,0.0,0.0,0.0,0.0,0.0,0.0
-1.8271,-1.7659,-2.7816,-2.7615,-2.9231,-3.8812,-3.4985,-3.3922,-2.7406,-2.8191,-2.9995,-2.8366,-2.6964,-3.1945,-3.1466,-2.5173,-1.0598,-0.4695,-0.4067,-0.1392,-0.1219,-0.2419,-0.4384,-0.7771,-0.0,-0.0175,-1.3893,-2.6239,-1.5898,-0.8988,-0.9455,-0.9925,-0.7986,-0.1045,-0.2091,-1.6935,-1.7542,-2.0466,-1.4142,-2.364,-1.7321,-0.866,-0.1045,-0.1736,-0.0,-0.342,-0.2091,-0.1219,-0.454,-0.6947,-0.2437,-2.3941,-0.1219,-0.1908,-0.8682,-0.4358,-1.3497,-0.7632,-0.6018,-0.2756,-0.1392,-0.3256,-0.6157,-0.225,-0.2437,0.0,0.0,0.0,0.0,0.0,0.0,0.0,0.0,0.0,0.0,0.0,0.0,0.0,0.0,0.0,0.0,0.0,0.0,0.0,0.0,0.0
-1.6383,-2.1213,-1.6581,-1.5321,-1.7143,-2.7615,-1.8672,-1.9973,-1.9851,-1.8672,-1.5973,-1.4863,-1.5321,-3.3922,-3.5952,-4.5677,-1.7321,-0.809,-0.766,-0.6691,-0.5736,-0.682,-0.9563,-0.9613,-0.9848,-0.9563,-0.9994,-0.0524,-0.5878,-0.515,-0.1736,-0.6947,-0.9976,-1.362,-0.5567,-2.7816,-2.4575,-0.7167,-0.7492,-1.3121,-1.3121,-0.0523,-0.0349,-0.0698,-0.9696,-1.6383,-1.3383,-0.4384,-0.1564,-0.0698,-0.454,-0.157,-0.1395,-2.9959,-0.4185,-1.8541,-2.2368,-1.4142,-0.9205,-0.788,-0.9563,-0.8829,-0.866,-0.8572,-1.4627,0.0,0.0,0.0,0.0,0.0,0.0,0.0,0.0,0.0,0.0,0.0,0.0,0.0,0.0,0.0,0.0,0.0,0.0,0.0,0.0,0.0
-2.516,-2.2641,-0.8829,-0.8746,-1.7976,-2.8978,-1.9973,-0.9397,-0.848,-0.7986,-0.8192,-0.848,-1.8271,-2.8007,-2.6964,-3.5318,-0.891,-0.9703,-0.9976,-0.9994,-0.9703,-0.6947,-0.8746,-0.9877,-0.9976,-1.9021,-1.8794,-1.9805,-1.9406,-1.9563,-1.782,-1.9754,-0.684,-0.5724,-0.4175,-1.5094,-1.5543,-1.7659,-0.908,-0.2924,-0.5,-0.7492,-0.7167,-0.1736,-0.0698,-0.0,-0.5299,-0.3256,-0.3256,-0.3256,-0.5878,-0.4067,-0.2091,-0.2924,0.0,-1.4335,-0.0872,-0.4226,-0.515,-0.515,-0.4067,-0.0349,-1.5,-1.7634,-1.8779,0.0,0.0,0.0,0.0,0.0,0.0,0.0,0.0,0.0,0.0,0.0,0.0,0.0,0.0,0.0,0.0,0.0,0.0,0.0,0.0,0.0
-0.8387,-0.788,-0.9272,-0.9511,-0.9903,-0.9986,-0.9511,-0.9272,-0.9063,-0.9205,-0.9205,-0.9063,-0.9397,-3.7087,-2.7189,-1.891,-0.9877,-0.9976,-0.9781,-0.9877,-1.0,-0.9962,-0.9877,-0.9816,-0.9986,-0.9998,-0.9976,-0.9945,-0.766,-0.9063,-0.9848,-1.9021,-1.7492,-1.2036,-1.782,-0.9271,-0.3473,-0.5847,-0.1219,-0.515,-1.0,-0.9389,-0.2079,-0.6691,-0.2924,-0.2588,-0.7314,-1.5321,-0.7071,-0.6428,-0.3584,-0.3907,-0.1219,-0.3129,-1.1184,-0.225,-0.0872,-0.3256,-0.7193,-0.9063,-0.682,-0.4226,-0.515,-1.2856,-1.8054,0.0,0.0,0.0,0.0,0.0,0.0,0.0,0.0,0.0,0.0,0.0,0.0,0.0,0.0,0.0,0.0,0.0,0.0,0.0,0.0,0.0
-0.829,-0.9205,-0.9945,-0.9976,-0.9703,-0.9613,-0.9613,-0.9659,-0.9613,-0.9703,-0.9659,-0.9744,-0.9877,-3.9702,-3.9508,-0.9986,-0.9962,-0.9781,-0.9272,-0.8572,-0.866,-0.9455,-0.9976,-0.9986,-0.9945,-0.9744,-0.9925,-0.9781,-0.9511,-0.9925,-0.9063,-0.7771,-0.7193,-1.2036,-0.8192,-1.6961,-0.7431,-0.7547,-0.3907,-0.1908,-0.2783,-0.1219,-0.1564,-0.6947,-1.4863,-0.6157,-0.2924,-0.5592,-0.5878,-0.5592,-0.2756,-0.1564,-0.3473,-0.454,-0.8192,-0.5299,-0.6428,-0.6947,-0.848,-0.6561,-0.1392,-0.0872,-0.2419,-0.225,-0.1908,0.0,0.0,0.0,0.0,0.0,0.0,0.0,0.0,0.0,0.0,0.0,0.0,0.0,0.0,0.0,0.0,0.0,0.0,0.0,0.0,0.0
-0.766,-0.9848,-0.9945,-0.9976,-0.9976,-0.9945,-0.9962,-1.989,-1.9851,-0.9962,-0.9986,-1.9805,-1.9805,-4.0,-2.9995,-0.9848,-0.9877,-0.9816,-1.8271,-1.7143,-0.7771,-0.809,-0.9135,-0.9135,-0.9205,-0.8988,-0.9063,-0.9063,-0.9205,-0.8829,-0.6947,-0.6947,-0.618,-0.4693,-1.7207,-3.7157,-3.2139,-2.5173,-1.3121,-0.6293,-0.9389,-0.0349,-0.2091,-0.3129,-0.1395,-0.1564,-0.2588,-0.0349,-0.2924,-0.3584,-0.5446,-0.6561,-0.4384,-0.225,-0.5592,-0.7071,-0.515,-0.6018,-0.6018,-0.0698,-0.1736,-0.2419,-0.309,-0.309,-0.2079,0.0,0.0,0.0,0.0,0.0,0.0,0.0,0.0,0.0,0.0,0.0,0.0,0.0,0.0,0.0,0.0,0.0,0.0,0.0,0.0,0.0
-0.9205,-0.9455,-0.9877,-0.9945,-0.9998,-0.9986,-2.0,-3.9976,-1.9997,-0.9998,-1.9951,-3.9848,-2.9836,-1.9997,-1.9951,-0.9511,-0.9272,-0.9205,-1.782,-1.782,-1.7143,-1.7143,-0.8746,-0.8192,-0.8387,-0.848,-0.7986,-0.7547,-0.8387,-0.829,-0.7547,-0.515,-0.2783,-0.7632,-1.3782,-3.6319,-4.4052,-4.3571,-1.4544,-0.8135,-0.454,-0.3584,-0.2437,-0.2091,-0.4838,-0.6511,-0.1564,-0.1047,-0.1047,-0.5446,-1.2856,-0.829,-0.5736,-0.6947,-0.515,-0.4848,-0.5299,-0.3746,-0.0349,-0.1736,-0.1908,-0.2588,-0.2419,-0.1908,-0.4499,0.0,0.0,0.0,0.0,0.0,0.0,0.0,0.0,0.0,0.0,0.0,0.0,0.0,0.0,0.0,0.0,0.0,0.0,0.0,0.0,0.0
-0.9744,-0.9659,-0.9703,-0.9903,-1.989,-1.9851,-2.9886,-3.9702,-2.9631,-1.9924,-1.9951,-2.9927,-2.9959,-1.9633,-1.9225,-0.9272,-0.9063,-0.9272,-0.8572,-0.848,-0.8192,-0.8192,-0.809,-0.7986,-0.7986,-0.766,-1.4142,-0.7547,-0.8746,-0.9205,-0.8572,-1.2856,-1.816,-2.0337,-0.9271,-0.4175,-1.0893,-1.4863,-0.6293,-0.5446,-0.6018,-0.6018,-0.5,-0.3907,-0.4067,-0.4695,-0.8452,-1.2586,-1.1184,-0.5446,-0.4848,-0.4226,-0.515,-0.342,-0.2419,-0.0698,-0.1392,-0.1908,-0.2079,-0.1908,-0.1045,-0.1392,-0.1392,-0.1736,-0.225,0.0,0.0,0.0,0.0,0.0,0.0,0.0,0.0,0.0,0.0,0.0,0.0,0.0,0.0,0.0,0.0,0.0,0.0,0.0,0.0,0.0
-0.9135,-0.9563,-0.9703,-0.9848,-1.9696,-2.9631,-3.9508,-3.9392,-3.9265,-3.9392,-2.9886,-1.9924,-1.9406,-1.8794,-1.841,-0.8988,-0.8572,-0.829,-0.8192,-1.5973,-0.788,-0.788,-0.7547,-0.7071,-1.3383,-1.364,-0.7314,-0.829,-0.8829,-0.9781,-2.5715,-2.0602,-2.424,-2.0,-0.4226,-0.4848,-0.788,-0.8192,-0.809,-0.848,-1.5094,-1.5321,-1.4863,-0.7547,-1.5094,-1.4142,-1.4627,-1.1472,-0.2924,-0.2419,-0.1908,-0.1045,-0.225,-0.0872,-0.0523,-0.0523,-0.0698,-0.0523,-0.0349,-0.0349,-0.1045,-0.0349,0.0,-0.0872,-0.0523,0.0,0.0,0.0,0.0,0.0,0.0,0.0,0.0,0.0,0.0,0.0,0.0,0.0,0.0,0.0,0.0,0.0,0.0,0.0,0.0,0.0
-0.9063,-0.9397,-0.9659,-0.9903,-0.9976,-1.9973,-1.9924,-1.9696,-1.9126,-3.7343,-3.8042,-0.9781,-0.9397,-0.9063,-0.8746,-1.6773,-1.6383,-1.5321,-0.7431,-0.8192,-1.5321,-0.682,-0.6293,-0.6018,-0.5736,-0.5592,-0.6691,-0.8192,-1.782,-2.6239,-2.8774,-2.3474,-0.9677,-0.5847,-0.3746,-0.5299,-0.7986,-1.6961,-1.7321,-1.576,-2.158,-2.158,-2.2641,-1.3121,-0.766,-0.6561,-0.5,-0.3584,-0.1392,-0.1736,-0.3473,-0.0698,-0.225,-0.1908,-0.1219,-0.0698,0.0,0.0,-0.0872,-0.0872,-0.0349,-0.1045,-0.0175,-0.1219,-0.0523,0.0,0.0,0.0,0.0,0.0,0.0,0.0,0.0,0.0,0.0,0.0,0.0,0.0,0.0,0.0,0.0,0.0,0.0,0.0,0.0,0.0
-0.9205,-0.9205,-0.9703,-0.9903,-0.9976,-0.9976,-0.9962,-1.9851,-1.9633,-1.9319,-0.9563,-0.9455,-0.9272,-0.9135,-0.8829,-1.6961,-1.5973,-1.4387,-0.682,-0.7547,-0.766,-0.7071,-0.6018,-0.5736,-1.1184,-1.1184,-0.6691,-1.5094,-2.2294,-2.7786,-2.4626,-1.7535,-0.6749,-0.2091,-0.4499,-0.3256,-0.9696,-1.2313,-1.9284,-2.1213,-1.7207,-1.6776,-1.1184,-0.515,-0.5299,-0.5446,-0.4695,-0.7167,-0.5847,-0.3816,-0.1743,0.0,-0.0349,0.0,-0.0698,-0.1047,-0.1045,-0.1736,-0.1396,-0.1047,-0.1392,-0.1564,-0.1736,0.0,-0.1392,0.0,0.0,0.0,0.0,0.0,0.0,0.0,0.0,0.0,0.0,0.0,0.0,0.0,0.0,0.0,0.0,0.0,0.0,0.0,0.0,0.0
-0.8829,-0.891,-0.9135,-0.9563,-0.9563,-0.9563,-0.9703,-0.9744,-0.9563,-1.8544,-0.9205,-0.891,-0.848,-0.809,-1.5973,-1.576,-1.5321,-1.4387,-0.7071,-0.7071,-0.6691,-1.3121,-0.6691,-0.5736,-0.5878,-1.0301,-1.0893,-1.0893,-1.5451,-1.5,-1.4084,-1.4335,-0.8269,-0.7258,-0.4838,-0.6511,-1.3151,-1.5898,-1.5451,-1.3893,-1.4387,-1.1184,-0.4226,-0.515,-1.2036,-1.1756,-1.1472,-0.908,-0.6511,-0.4838,-0.225,-0.1736,-0.1564,-0.1908,-0.2588,-0.3473,-0.2783,-0.2093,-0.1396,-0.0349,-0.0349,-0.0698,-0.1045,-0.1045,-0.0175,0.0,0.0,0.0,0.0,0.0,0.0,0.0,0.0,0.0,0.0,0.0,0.0,0.0,0.0,0.0,0.0,0.0,0.0,0.0,0.0,0.0
-1.7492,-1.8126,-1.8544,-0.9703,-0.9703,-0.9511,-0.9563,-0.9455,-0.9205,-1.782,-0.8572,-0.829,-0.7986,-1.4863,-1.4627,-1.4387,-0.682,-0.6293,-0.5878,-0.5592,-1.0893,-1.0893,-0.5736,-0.5299,-0.5299,-0.908,-0.454,-0.8452,-0.7815,-1.1238,-1.0751,-0.9767,-0.8269,-0.7258,-0.7258,-1.0261,-1.0751,-1.2679,-0.8452,-0.7815,-0.5446,-0.6947,-0.5,-0.618,-0.908,-1.1756,-1.0893,-0.8767,-0.8135,-1.0751,-0.2924,-0.2756,-0.2588,-0.2419,-0.2588,-0.2419,-0.2079,-0.225,-0.1908,-0.1736,-0.2588,-0.2419,-0.2924,-0.309,-0.225,0.0,0.0,0.0,0.0,0.0,0.0,0.0,0.0,0.0,0.0,0.0,0.0,0.0,0.0,0.0,0.0,0.0,0.0,0.0,0.0,0.0
-0.9135,-0.9563,-0.9816,-0.9659,-0.9397,-0.9205,-0.9135,-0.8988,-0.8746,-0.8572,-0.8572,-0.8387,-0.7986,-0.766,-0.7193,-0.6947,-0.6561,-0.6428,-0.6293,-0.5878,-1.0301,-0.9696,-0.5,-0.5,-0.8767,-0.684,-0.5513,-0.5513,-0.5513,-0.8771,-0.7258,-0.6749,-0.6237,-0.4158,-0.5209,-0.8269,-1.0751,-1.1722,-0.8452,-0.7815,-1.0598,-1.364,-1.4084,-0.7815,-0.8135,-0.8452,-0.908,-0.8452,-0.7167,-0.684,-0.3746,-0.3584,-0.3746,-0.342,-0.618,-0.2588,-0.2756,-0.342,-0.3746,-0.2756,-0.309,-0.5,-0.5446,-0.4695,-0.454,0.0,0.0,0.0,0.0,0.0,0.0,0.0,0.0,0.0,0.0,0.0,0.0,0.0,0.0,0.0,0.0,0.0,0.0,0.0,0.0,0.0
-0.9511,-0.9613,-0.9205,-0.891,-0.8829,-0.866,-0.8746,-0.8572,-0.8192,-0.766,-0.7431,-0.7431,-0.7431,-0.7314,-0.6561,-0.6157,-0.5736,-0.5446,-0.5299,-0.5,-0.9389,-0.8452,-0.4067,-0.4067,-0.7167,-0.618,-0.4499,-0.4158,-0.5209,-0.5209,-0.4175,-0.4175,-0.2783,-0.2437,-0.2437,-0.6237,-0.9271,-1.1722,-0.8767,-0.4848,-0.5299,-1.1472,-0.8452,-0.8135,-0.4695,-0.3584,-0.3256,-0.3746,-0.3907,-0.3907,-0.3907,-0.342,-0.3584,-0.3746,-0.3746,-0.3584,-0.3584,-0.3584,-0.3907,-0.342,-0.309,-0.4384,-0.5736,-0.6018,-0.6157,0.0,0.0,0.0,0.0,0.0,0.0,0.0,0.0,0.0,0.0,0.0,0.0,0.0,0.0,0.0,0.0,0.0,0.0,0.0,0.0,0.0
