data/20151201.json
{"header": {"lo2": 359, "refTime": "2014-03-04T06:00:00.000Z", "productDefinitionTemplate": 0, "productType": 1, "center": 7, "surface2Value": 0, "forecastTime": 9, "centerName": "US National Weather Service - NCEP(WMC)", "disciplineName": "Meteorological products", "la1": 90, "resolution": 48, "productTypeName": "Forecast products", "basicAngle": 0, "productDefinitionTemplateName": "Analysis/forecast at horizontal level/layer at a point in time", "subDivisions": 0, "parameterCategory": 2, "nx": 360, "productStatusName": "Operational products", "productStatus": 0, "shapeName": "Earth spherical with radius of 6,371,229.0 m", "subcenter": 0, "surface1Value": 50000, "surface2Type": 255, "ny": 181, "surface1Type": 100, "lo1": 0, "surface1TypeName": "Isobaric surface", "surface2TypeName": "Missing", "gridUnits": "degrees", "discipline": 0, "genProcessTypeName": "Forecast", "gribEdition": 2, "parameterNumber": 2, "gridDefinitionTemplate": 0, "shape": 6, "numberPoints": 65160, "significanceOfRT": 1, "parameterNumberName": "U-component_of_wind", "dx": 1, "significanceOfRTName": "Start of forecast", "parameterCategoryName": "Momentum", "gridDefinitionTemplateName": "Latitude_Longitude", "genProcessType": 2, "la2": -90, "gribLength": 132662, "dy": 1, "parameterUnit": "m.s-1", "winds": "true", "scanMode": 0}, "meta": {"date": "2014-03-04T15:00:00.000Z"}, "data":
[rows 38 to 75 of 181, columns 86 to 171 of 360]
-3.9702,1.5451,-5.4378,-1.4084,-7.7145,-5.8033,-3.8252,1.9225,1.0301,-1.0893,-1.576,-1.9021,1.9988,1.8544,2.8191,1.8544,1.9126,2.8978,2.9109,2.8838,2.9344,2.9982,-3.0,2.9449,2.9231,3.9903,-3.9508,-3.682,-3.2766,-2.3511,-1.6581,2.1502,-0.0,-1.2155,-1.6269,-1.873,-3.3162,2.4575,3.9611,0.9696,0.6093,0.3664,2.9389,-2.2294,-0.6018,-4.4147,-3.8252,3.9265,-5.8033,-5.6731,-3.9508,-4.924,-5.6731,-2.9449,-0.5299,0.1045,6.9138,6.9904,8.2845,7.3724,5.8508,5.283,4.9742,5.2977,4.6025,0.0,0.0,0.0,0.0,0.0,0.0,0.0,0.0,0.0,0.0,0.0,0.0,0.0,0.0,0.0,0.0,0.0,0.0,0.0,0.0,0.0
-0.975,-0.4187,-5.4163,-4.3633,5.9772,2.0337,2.2368,0.684,-0.4384,-1.4627,-1.9754,-2.9344,-1.7976,-1.9696,-1.9851,-1.9563,-1.9851,-2.9708,-2.9544,-2.9836,2.9836,2.9708,2.9995,2.9959,2.9231,2.9109,2.9886,-2.9344,-3.6252,-4.3731,-5.346,-6.4903,-6.4903,-4.9931,3.6568,1.5451,0.4185,-0.0,-1.1449,0.9742,-0.8531,-4.2394,-3.2678,-2.8679,-1.3782,-5.5161,-3.0,-8.4572,-2.424,-8.9879,-4.6629,-0.7815,-0.1045,1.7976,5.8689,5.9671,6.7921,5.3928,5.1962,6.3041,6.997,6.4903,6.5351,7.5175,7.6901,0.0,0.0,0.0,0.0,0.0,0.0,0.0,0.0,0.0,0.0,0.0,0.0,0.0,0.0,0.0,0.0,0.0,0.0,0.0,0.0,0.0
-1.5629,0.3486,-3.9945,-3.2766,1.3893,2.3474,1.0353,0.4499,-0.6257,-1.4084,-0.4181,-0.954,-0.4175,-2.3314,-2.2981,-1.5321,-2.6239,-2.6488,-2.5441,-1.7321,-2.9544,-2.9995,-2.9927,-2.9995,2.8007,2.6239,2.8532,-3.0,-2.9544,-3.9392,-4.8907,-5.8462,-6.7921,-6.6574,-5.4813,-4.6359,2.7189,2.3474,0.7822,-0.3488,-1.1695,-1.3681,-0.6237,-0.8998,-2.6302,-5.8033,-3.8302,-6.6941,-7.7274,7.8252,3.6053,4.8145,5.5161,4.0958,3.8302,3.8302,4.3731,4.6359,5.6015,6.6186,9.2718,11.6843,10.1256,10.5739,11.4127,0.0,0.0,0.0,0.0,0.0,0.0,0.0,0.0,0.0,0.0,0.0,0.0,0.0,0.0,0.0,0.0,0.0,0.0,0.0,0.0,0.0
0.9271,2.2368,2.364,4.5283,-1.2941,0.8452,-0.1396,-1.5,1.5973,0.1047,1.1449,1.3497,2.2476,-0.7632,-1.1722,-1.0893,-2.158,-2.2641,-2.2641,-2.3314,-2.5441,-2.6964,-2.8689,-2.9344,-2.9927,2.9708,2.9544,2.9344,2.9109,2.8689,2.9836,-2.9449,-3.7821,-3.8812,-4.8296,-3.4641,-1.4627,-2.9776,-2.046,-1.1722,-2.158,-3.4287,-0.6237,0.7815,0.8829,1.891,2.9544,5.9991,8.7693,7.8716,3.7094,4.0,6.62,5.541,4.168,6.4435,7.6085,7.6504,8.6514,9.7437,10.918,10.9933,12.8399,11.7378,9.9255,0.0,0.0,0.0,0.0,0.0,0.0,0.0,0.0,0.0,0.0,0.0,0.0,0.0,0.0,0.0,0.0,0.0,0.0,0.0,0.0,0.0
-3.3457,-5.346,2.5752,0.8531,-0.6101,0.1396,-0.7312,2.1919,2.673,1.9951,4.6629,5.2477,-2.7615,3.9903,3.3547,-1.0261,-1.6776,-2.1213,-2.2641,-3.152,-3.0642,-3.1086,-2.3959,-2.7406,-2.8978,-2.9708,-2.9982,1.9805,-1.9924,-3.3162,-2.8679,-0.1745,-1.5629,-2.0521,0.4185,-1.5451,-1.2361,-1.8544,3.3547,2.8838,-0.8829,2.4871,1.891,-0.2091,4.168,4.774,6.4721,8.1568,8.3447,6.4721,3.5267,4.168,7.3724,9.4288,9.7124,9.205,9.5106,8.7327,9.8769,10.9581,11.9343,11.8832,10.9581,11.9106,11.7378,0.0,0.0,0.0,0.0,0.0,0.0,0.0,0.0,0.0,0.0,0.0,0.0,0.0,0.0,0.0,0.0,0.0,0.0,0.0,0.0,0.0
2.9886,2.9231,-0.7815,-2.9726,-1.6905,-1.1025,-5.7063,3.8857,3.3552,-0.3486,-0.4175,-2.4271,5.2477,2.5086,-0.6257,0.5229,-0.0873,-0.4358,-0.8316,-1.816,-1.888,-2.364,-2.5715,-2.5981,-1.9951,1.9126,-2.6239,-3.152,-1.9487,0.4175,0.279,-0.6947,-1.9319,0.6018,2.6488,2.0,0.3486,-2.3511,-3.2766,2.8007,1.0,0.8135,-0.3473,-2.0074,-3.8042,4.9992,8.8033,10.7596,6.0002,6.3041,5.44,7.3084,8.7693,11.6924,11.2763,10.1256,10.4007,8.8633,9.9985,-9.9939,-9.9939,10.9983,10.9849,-10.0,-9.9619,0.0,0.0,0.0,0.0,0.0,0.0,0.0,0.0,0.0,0.0,0.0,0.0,0.0,0.0,0.0,0.0,0.0,0.0,0.0,0.0,0.0
-2.5086,-2.4073,-1.1472,-0.4875,0.7314,-1.3497,2.0466,-0.6972,0.6278,0.4187,1.1449,-3.9945,4.9726,-4.3731,-2.7615,5.8033,3.2863,3.7558,1.2155,0.6272,-1.8541,-0.9386,0.6272,-0.1047,-1.4515,-0.9767,2.7816,1.5094,-0.4848,-2.516,-0.5736,-2.9544,0.684,1.8794,-1.3681,-2.2294,-1.5898,0.6237,-0.5724,-1.1248,-1.9392,-3.1466,-2.5173,-1.9392,-1.9392,-3.4641,-6.9957,8.4022,6.3041,6.3891,8.4805,11.5831,12.6883,11.203,8.4572,8.6514,9.5106,9.563,8.7693,7.9015,6.8937,7.8252,7.6085,7.4175,7.6085,0.0,0.0,0.0,0.0,0.0,0.0,0.0,0.0,0.0,0.0,0.0,0.0,0.0,0.0,0.0,0.0,0.0,0.0,0.0,0.0,0.0
2.7812,-1.8117,0.9408,-0.3664,-3.8567,-4.3881,-0.0,-0.7312,0.4358,-0.3129,1.7659,2.1502,0.4187,0.1396,-1.3917,-1.9081,-1.1134,-1.7918,-3.8302,0.7765,1.1025,-1.989,-2.9254,-0.7071,-2.0602,3.9364,4.5,-3.6319,-1.1449,2.5,3.7087,1.9988,-2.0,-1.5451,2.6765,1.5898,1.0396,0.6959,-3.4733,-1.1238,-0.9389,-0.2588,2.046,3.1945,0.7492,-1.9682,-4.9992,7.5175,7.2505,9.563,10.6733,10.5194,10.7181,8.3447,7.548,8.7462,6.6186,5.8689,6.6941,3.9126,-3.9945,5.9772,6.7921,6.6186,4.9742,0.0,0.0,0.0,0.0,0.0,0.0,0.0,0.0,0.0,0.0,0.0,0.0,0.0,0.0,0.0,0.0,0.0,0.0,0.0,0.0,0.0
-0.3486,-1.2586,-0.0698,0.6511,1.989,2.8689,2.1786,1.4984,-0.279,-3.9781,-5.8689,-4.5886,-2.1773,2.8679,-0.9696,0.3136,0.515,-1.1449,2.3294,0.8362,-0.4883,-3.3547,-0.0349,3.564,0.2437,-2.7786,2.5,-1.9537,2.8774,7.853,6.8573,-0.3486,-2.0074,-2.5173,-2.8679,-1.847,-0.5724,-0.0873,0.8316,-2.9726,-2.8191,-4.168,-4.092,3.4641,-0.0175,-0.1045,0.9336,7.4175,9.5106,9.3358,8.9101,10.049,12.0534,8.785,7.7782,8.3359,5.4163,3.7558,5.4163,4.1145,3.0783,4.6629,3.3162,1.816,3.3937,0.0,0.0,0.0,0.0,0.0,0.0,0.0,0.0,0.0,0.0,0.0,0.0,0.0,0.0,0.0,0.0,0.0,0.0,0.0,0.0,0.0
1.9924,-0.0,-1.9997,-2.8191,-1.8544,-0.8746,-0.4226,-0.4695,-0.9613,2.2943,0.7632,-0.4875,0.2093,1.7101,1.1449,0.2093,-0.4875,-1.873,-1.3782,0.8572,2.9886,6.9138,-7.8785,-4.2858,0.3136,-4.9992,-2.673,-5.8707,-3.7094,-4.2426,4.168,-2.339,-0.9742,2.9254,3.3922,6.7844,4.2127,1.4079,-1.8712,-0.314,-1.6339,2.9254,-3.9848,-4.1934,-2.9927,-3.8812,-2.8284,-8.6067,-10.9983,10.9933,8.9658,9.9756,10.7596,-5.9991,-6.2916,-7.9221,8.7693,6.4435,7.0636,6.0377,4.774,2.0337,2.1631,4.4995,4.9497,0.0,0.0,0.0,0.0,0.0,0.0,0.0,0.0,0.0,0.0,0.0,0.0,0.0,0.0,0.0,0.0,0.0,0.0,0.0,0.0,0.0
-2.5715,-2.8689,-4.8063,2.9995,1.618,1.5094,0.9455,-0.9511,-1.9805,-5.9671,-7.8252,-3.7759,-3.0783,-0.7632,-1.4544,-2.7786,-5.0883,-6.9282,-5.8033,-4.2858,-3.8637,-0.9848,-0.6947,-2.0521,-3.0,-2.8679,-1.7535,-2.0602,-1.6776,0.0349,1.6905,-3.8857,-2.0074,0.2783,0.5724,-1.4863,-0.9744,2.9544,-5.9991,-6.9829,-2.1131,-6.9943,6.9478,2.3474,4.2858,2.2981,1.2586,4.9384,7.5175,6.7094,6.5532,7.1281,4.4995,2.7812,1.6905,-4.0,-6.9478,-6.9478,-4.924,-4.924,4.9384,4.2858,5.4378,5.8707,6.3891,0.0,0.0,0.0,0.0,0.0,0.0,0.0,0.0,0.0,0.0,0.0,0.0,0.0,0.0,0.0,0.0,0.0,0.0,0.0,0.0,0.0
-6.6574,-8.1568,-6.8937,-3.9702,-3.8975,-2.9344,-1.8794,-0.6157,0.9659,2.9254,3.3457,6.1223,-6.7288,-2.4404,-1.3357,-0.1745,-1.6538,1.9754,0.618,0.9389,-0.3256,1.8271,-2.4871,-3.152,-2.2294,-0.8767,-0.8767,-1.8271,-2.9344,-3.8637,-4.7815,-4.7276,-3.9781,-2.9959,0.8746,0.1392,-1.9682,-1.4335,-6.3442,-6.9734,-4.997,4.9513,2.4626,0.0873,-1.1449,-0.4358,3.1795,6.82,6.5822,6.7844,4.5283,1.9295,1.5643,4.3837,7.6412,6.364,3.1779,2.1631,1.4335,3.8302,6.1806,5.3928,4.7815,5.6731,6.4435,0.0,0.0,0.0,0.0,0.0,0.0,0.0,0.0,0.0,0.0,0.0,0.0,0.0,0.0,0.0,0.0,0.0,0.0,0.0,0.0,0.0
-8.5595,-5.7063,-3.8252,-3.8812,-2.8838,-2.7615,-2.673,-3.4287,-3.0642,-1.618,0.9336,5.3928,4.6629,1.9534,-1.1025,-4.6679,5.7378,0.7071,-0.866,0.6691,3.9781,-3.9392,-3.8637,-3.4985,-2.728,-1.847,-1.4387,1.989,2.9836,-3.9945,-4.8907,-2.158,-2.8284,-2.0337,-0.3488,-1.3782,-0.0,-0.8316,-0.4883,2.6313,-2.1773,-0.2443,1.1134,-1.6269,-0.9397,6.8206,6.1223,3.9932,1.3681,-0.1222,2.0246,5.7358,8.3359,6.6913,5.7547,6.9282,4.6025,5.9991,8.8346,6.4435,5.346,4.5963,4.316,4.316,4.6629,0.0,0.0,0.0,0.0,0.0,0.0,0.0,0.0,0.0,0.0,0.0,0.0,0.0,0.0,0.0,0.0,0.0,0.0,0.0,0.0,0.0
-6.8206,-5.9553,-5.9261,-3.8042,-3.7087,-3.6542,-3.6252,-3.564,-3.5318,-4.3301,-3.7157,-1.847,-1.9924,1.2036,0.8682,2.7362,1.6935,-3.7157,-3.5,6.6323,0.3473,-3.5318,-1.9973,0.4693,-0.6946,-0.8771,-1.3121,2.0,2.9959,3.9848,-3.9994,-3.8252,-2.8007,-1.2313,0.309,-0.891,-4.8907,1.888,0.7431,1.9973,0.9397,-0.6947,-0.3656,2.2476,-0.3486,2.6496,2.3941,1.6633,3.8302,-4.8063,-7.9404,-10.0,10.9849,11.7378,9.6593,7.6085,4.494,-2.9982,-3.9781,3.8812,3.0642,3.694,4.0148,3.7157,4.6629,0.0,0.0,0.0,0.0,0.0,0.0,0.0,0.0,0.0,0.0,0.0,0.0,0.0,0.0,0.0,0.0,0.0,0.0,0.0,0.0,0.0
-5.6382,-5.7063,-7.795,-5.7956,-3.6542,-3.4641,-3.4287,-3.5318,-4.5315,-4.6025,-3.7087,-3.3922,-3.3922,-3.1945,-2.6765,-1.9563,2.1197,0.7314,3.682,3.0188,-0.7765,-0.8998,2.5357,-0.225,0.1392,0.3129,-1.3151,-2.1213,-2.6964,-2.8838,-2.9776,-1.891,-0.7986,0.2079,0.8572,2.9708,3.9265,0.3256,-2.2641,-2.1197,-3.1795,0.279,-3.9781,-4.455,-1.6905,-2.3511,-2.7816,5.9553,4.455,6.4903,7.4175,7.1904,6.1223,4.2426,2.424,2.3474,0.1396,0.4875,2.1131,3.2863,3.5,3.9144,4.2127,3.7759,3.8567,0.0,0.0,0.0,0.0,0.0,0.0,0.0,0.0,0.0,0.0,0.0,0.0,0.0,0.0,0.0,0.0,0.0,0.0,0.0,0.0,0.0
-4.4147,-3.5967,-3.4733,-5.032,-5.2977,-4.3731,-4.455,-4.3301,-4.455,-5.346,-5.3928,-6.1806,-4.1452,-3.6542,-2.5715,-2.364,-3.6542,-5.8218,-2.9344,-1.8794,-0.9272,-0.9205,3.845,-0.9816,0.7632,-0.2437,-0.6511,0.3129,0.766,-0.0,-0.9781,-0.9986,-0.9744,0.0,0.9877,-1.2856,-2.5086,-5.2485,0.314,0.7765,-3.564,2.9776,4.7276,3.4287,2.2368,-1.1722,1.8672,4.9992,5.7956,6.3442,4.8541,2.8679,4.2127,2.4404,2.5752,1.2096,0.1745,2.2368,4.3881,5.456,4.8145,4.4735,5.4163,4.8145,4.4735,0.0,0.0,0.0,0.0,0.0,0.0,0.0,0.0,0.0,0.0,0.0,0.0,0.0,0.0,0.0,0.0,0.0,0.0,0.0,0.0,0.0
-4.7276,-3.0642,-2.3511,-2.728,-2.3511,-2.0,-2.6765,-2.5173,-2.7786,-2.5712,-3.1466,-2.7232,-1.8779,-1.8054,-0.8452,-1.2313,-3.152,-3.41,-4.2858,-2.158,-1.2586,-0.891,2.8284,4.455,-2.2981,1.2475,3.5967,3.8975,-1.9021,0.9877,1.0,0.9205,0.7071,-1.3893,-3.1086,-3.6319,-1.0353,-1.0261,-4.7815,-4.6985,-5.5631,-4.0148,-4.8296,-0.0,-0.9613,-3.9945,-3.9508,4.1452,4.4589,2.0074,2.9726,3.1086,3.1945,1.0751,1.1025,2.5712,4.6985,5.7063,5.7063,6.3442,6.1223,6.237,6.1806,6.7094,5.0354,0.0,0.0,0.0,0.0,0.0,0.0,0.0,0.0,0.0,0.0,0.0,0.0,0.0,0.0,0.0,0.0,0.0,0.0,0.0,0.0,0.0
3.9994,-2.8191,-2.1213,-2.5441,-2.8284,-1.362,-1.4544,-2.4871,-2.5715,-3.564,-3.4287,-0.908,-1.362,-1.9682,-1.6776,-2.673,3.8252,2.728,0.5567,0.4358,-0.2093,-0.4499,1.3681,-1.4984,0.9767,-0.2615,-0.5724,0.4158,1.6961,2.9836,1.6383,1.989,-4.0958,-4.774,-5.283,2.6239,-2.8838,-6.9617,-6.847,-0.0,-3.5952,-3.1086,-1.5973,-0.891,-2.4271,-2.9708,1.9126,-1.8794,2.0,0.9135,0.7314,0.7771,2.0074,4.4589,4.8515,-5.9963,-6.9957,6.9957,6.9319,5.8218,6.6574,5.8462,4.924,5.6382,4.7281,0.0,0.0,0.0,0.0,0.0,0.0,0.0,0.0,0.0,0.0,0.0,0.0,0.0,0.0,0.0,0.0,0.0,0.0,0.0,0.0,0.0
2.1941,1.7659,-1.9973,-2.9231,-2.8532,-1.847,-1.362,-2.1941,-2.673,-1.7659,-1.7659,-1.2586,-2.2641,-2.2641,-0.6749,-1.6581,3.8975,3.7588,1.7659,-0.7071,0.1045,-1.1184,2.9995,-3.9508,-2.364,-1.9951,1.8126,-2.9836,-3.682,-4.2858,-3.8567,-1.3357,-1.9295,-3.0188,1.7634,3.8042,5.523,-7.7624,-3.7087,-2.7786,-3.9702,-0.0,1.576,1.4627,2.5715,2.3959,1.6776,1.6581,-0.9994,-2.8191,3.9848,3.8637,4.8296,5.9416,6.8937,6.6941,6.6941,5.5631,6.1223,4.8541,5.283,5.6631,4.2858,2.4271,2.728,0.0,0.0,0.0,0.0,0.0,0.0,0.0,0.0,0.0,0.0,0.0,0.0,0.0,0.0,0.0,0.0,0.0,0.0,0.0,0.0,0.0
1.6773,0.6293,0.7071,1.5094,1.5973,0.766,-0.3746,-0.5736,-0.9703,-0.9272,-0.788,-0.788,-1.9563,-1.362,0.684,3.4287,4.1934,3.5967,0.866,-0.2924,0.1908,-0.5847,-2.8007,-4.5677,-2.796,-1.1449,-3.2863,-0.6946,-3.0091,-4.4052,-5.4813,-1.9487,-1.2586,4.9513,-2.9836,4.3731,9.9027,0.9677,2.7239,3.2361,-2.9927,-1.2202,-0.5724,-2.158,-1.9754,-0.766,-0.9703,-0.9703,-0.9703,-4.8719,-5.8898,-6.9478,-5.9963,-5.9991,6.9319,6.6941,7.6504,5.7378,5.8218,5.4813,4.8515,5.9416,5.3928,3.3162,3.1086,0.0,0.0,0.0,0.0,0.0,0.0,0.0,0.0,0.0,0.0,0.0,0.0,0.0,0.0,0.0,0.0,0.0,0.0,0.0,0.0,0.0
1.1184,1.0751,1.0261,0.4693,-0.8998,-0.157,-0.1743,-1.7634,-0.5513,-1.2586,-0.8452,-0.8269,-2.1197,0.0349,1.2361,1.3782,2.1502,3.6053,1.364,-0.9511,0.0698,-0.1392,-0.9994,1.9754,3.0,-0.6947,0.6293,-0.4158,-4.316,-3.8567,1.6538,5.1962,3.9781,2.9776,-4.494,-6.2172,-5.9772,2.9544,-7.989,5.9261,3.8637,-0.5847,0.9848,0.1045,0.9397,-1.3121,-0.8572,-0.9455,1.0,1.9851,3.9903,5.9088,6.7615,6.7921,5.9918,-5.8689,-5.9854,6.8206,5.7956,3.9392,4.8907,5.4813,4.0451,1.7321,2.7615,0.0,0.0,0.0,0.0,0.0,0.0,0.0,0.0,0.0,0.0,0.0,0.0,0.0,0.0,0.0,0.0,0.0,0.0,0.0,0.0,0.0
0.4848,1.1695,-0.2615,-0.4175,-0.2615,-1.3681,-1.5,-1.5898,-2.0602,-2.0074,-2.046,-2.084,0.6237,0.3486,1.1695,1.1025,1.9392,2.1786,0.7547,1.0301,0.3584,-0.4384,-0.6691,-0.9397,-1.8126,-1.5321,-1.3121,-1.5321,-0.9563,1.7659,0.848,3.7588,3.6252,4.5283,7.9015,-0.0,-2.9389,4.8626,4.8515,0.7258,0.4175,1.888,2.9776,-3.7821,-4.9081,5.0,-0.9903,-0.9986,-0.9945,-0.9976,0.9986,-5.9918,-5.9991,-6.9957,-5.9991,5.8689,5.7676,5.9416,4.8719,3.9994,-3.9945,3.8252,0.9986,-0.9659,0.9703,0.0,0.0,0.0,0.0,0.0,0.0,0.0,0.0,0.0,0.0,0.0,0.0,0.0,0.0,0.0,0.0,0.0,0.0,0.0,0.0,0.0
0.0698,-0.1743,-0.0698,0.0524,-0.3656,-0.6749,-1.8054,-2.2368,-2.0602,-2.6242,-1.7535,-1.1238,0.4693,2.1197,2.4073,2.2368,1.847,2.046,0.788,0.9781,1.8794,-0.9848,-0.3129,-0.7167,-0.9659,0.5592,0.5176,0.2093,0.4499,0.1045,-3.9126,1.841,-1.3893,2.9109,6.5351,0.9767,-2.796,-8.1568,-4.455,-2.8774,-3.0188,-3.0642,-2.7615,-2.6488,-2.7816,-2.9995,1.9021,0.9455,0.9744,-0.9994,1.9696,5.8462,3.9392,4.8063,4.8063,4.8296,5.8898,4.924,3.8637,2.516,1.2202,2.2981,1.782,0.8829,2.7406,0.0,0.0,0.0,0.0,0.0,0.0,0.0,0.0,0.0,0.0,0.0,0.0,0.0,0.0,0.0,0.0,0.0,0.0,0.0,0.0,0.0
-0.8135,-0.9389,-1.1238,-1.1722,-0.6749,-0.9677,-1.9392,-2.1197,-1.2202,-1.0261,0.0524,0.9767,1.3151,2.4073,3.8857,3.1086,1.6961,0.8829,0.9135,0.9903,-0.9925,0.9703,0.8988,-0.6293,-0.0,-0.9998,-1.4387,-1.4544,2.5441,-0.4384,-0.3256,-0.1219,-0.6018,0.9945,1.989,6.7921,5.7378,6.6941,1.4142,1.847,1.0,-0.5,0.9945,-0.9848,-0.0,-0.9397,-1.989,-0.9925,-0.891,-0.7193,1.9851,6.5778,0.9925,0.9816,4.924,4.981,5.8462,3.9265,0.7986,0.9613,0.9903,0.9455,0.788,0.9744,1.9851,0.0,0.0,0.0,0.0,0.0,0.0,0.0,0.0,0.0,0.0,0.0,0.0,0.0,0.0,0.0,0.0,0.0,0.0,0.0,0.0,0.0
-1.1472,-2.1213,-1.1184,-1.2856,-1.0301,-1.1722,-0.7167,0.1047,0.2437,0.7167,1.2036,1.3383,1.2856,2.1197,1.7535,2.0337,1.0,0.5878,0.6428,0.7431,0.8192,0.7314,0.2924,-0.2756,0.1736,-0.2924,-0.0349,2.9995,0.809,-0.8572,0.9848,0.7193,-0.0698,-2.673,-3.9611,-1.1238,-1.7207,-1.8672,1.8544,1.5094,1.5094,0.9986,-0.9994,-0.9976,-1.7492,-1.1472,-1.4863,-0.8988,-0.9877,-0.9976,-0.891,2.9959,-1.9951,-0.157,-5.9854,5.7063,3.3162,1.4142,0.3907,0.6157,0.2924,0.4695,0.5,0.515,1.364,0.0,0.0,0.0,0.0,0.0,0.0,0.0,0.0,0.0,0.0,0.0,0.0,0.0,0.0,0.0,0.0,0.0,0.0,0.0,0.0,0.0
-1.6339,-1.9682,-0.4695,-0.4848,-0.8767,-0.7765,-0.1047,0.342,0.5299,0.6018,0.5736,0.5299,0.8135,1.0751,1.3151,1.8779,0.454,0.2419,0.0698,-0.0349,0.2419,0.7193,0.4848,0.1564,0.0698,-0.618,0.684,0.2783,-0.4838,0.4158,0.908,-0.3129,-1.8794,-2.9449,2.9708,1.3121,1.2586,0.9389,-1.782,-0.9563,-0.866,-1.8544,-1.8672,-0.9848,-0.9976,-0.0,-0.848,-0.9455,-0.9455,-0.9455,-0.809,-0.9135,-1.989,0.9563,-5.0,3.7343,0.9962,-0.9063,-0.8572,-0.8572,-0.9135,0.9994,2.5981,2.4271,3.5318,0.0,0.0,0.0,0.0,0.0,0.0,0.0,0.0,0.0,0.0,0.0,0.0,0.0,0.0,0.0,0.0,0.0,0.0,0.0,0.0,0.0
-0.5446,-0.6157,-0.3746,-0.309,-0.1392,0.0523,0.309,0.3746,0.4226,0.3907,0.3907,0.4226,0.342,1.4984,1.2679,0.6511,0.1564,-0.0698,-0.2079,-0.1564,0.0,0.0872,0.1564,0.1908,-0.0523,-0.0175,-0.0698,0.1045,0.6428,0.4226,0.1736,-0.618,-0.9696,-1.5973,-0.908,-2.8532,1.9696,1.9126,0.9925,-0.8572,-1.7321,-1.7659,-0.9781,0.7431,0.9563,-0.9659,-0.682,-1.2856,-0.7071,-0.766,-0.9336,-0.9205,-0.9925,-1.9754,-1.6581,-0.9744,0.9962,0.9455,0.6947,0.4226,0.7314,0.9063,0.8572,1.5321,2.3959,0.0,0.0,0.0,0.0,0.0,0.0,0.0,0.0,0.0,0.0,0.0,0.0,0.0,0.0,0.0,0.0,0.0,0.0,0.0,0.0,0.0
-0.5592,-0.3907,-0.1045,0.0698,0.2419,0.2756,0.2756,0.2588,0.2756,0.2419,0.2588,0.225,0.1564,0.4875,0.6257,0.0523,-0.0872,-0.2079,-0.3746,-0.515,-0.5,-0.3256,-0.0698,-0.0523,0.1045,0.225,0.1219,0.2079,0.309,-0.1219,-0.4226,-0.6293,-0.6947,-1.5973,-0.5736,-1.0598,-0.6691,-0.6561,-0.9205,-0.9816,1.9805,-0.9925,-0.9877,-0.7193,-1.3383,-0.788,-0.9563,-0.829,-0.809,-0.829,-0.9613,-0.9877,-1.9696,-0.891,-0.5736,-0.848,-0.766,-0.7193,-0.5299,-0.7547,-0.9903,0.9962,0.9703,0.9744,0.9816,0.0,0.0,0.0,0.0,0.0,0.0,0.0,0.0,0.0,0.0,0.0,0.0,0.0,0.0,0.0,0.0,0.0,0.0,0.0,0.0,0.0
-0.6428,-0.1736,-0.1045,0.0698,0.0698,0.1045,0.0872,0.2091,0.2437,0.0872,0.0523,0.2783,0.2783,-0.0,-0.0524,-0.1736,-0.1564,-0.1908,-0.8135,-1.0301,-0.6293,-0.5878,-0.4067,-0.4067,-0.3907,-0.4384,-0.4226,-0.4226,-0.3907,-0.4695,-0.7193,-0.7193,-1.9021,-2.9631,-2.4575,-3.3457,-3.8302,-3.1086,-1.5094,-0.7771,-1.7659,-1.9997,1.989,1.9754,1.9951,-0.9877,-0.9659,-0.9994,-0.9563,-0.9336,-0.8387,-0.7547,-0.8988,-0.9744,-0.829,-0.7071,-0.8572,-0.7986,-0.7986,-0.9976,0.9848,0.9703,0.9511,0.9511,0.9781,0.0,0.0,0.0,0.0,0.0,0.0,0.0,0.0,0.0,0.0,0.0,0.0,0.0,0.0,0.0,0.0,0.0,0.0,0.0,0.0,0.0
-0.3907,-0.3256,-0.1564,-0.1045,-0.0175,0.0523,-0.0,-0.1396,-0.0349,-0.0175,0.1395,0.3486,0.3136,0.0349,-0.1395,-0.309,-0.3746,-0.3907,-0.908,-0.908,-1.0301,-1.0301,-0.4848,-0.5736,-0.5446,-0.5299,-0.6018,-0.6561,-0.5446,-0.5592,-0.6561,-0.8572,-1.9805,-3.9265,-4.8063,-7.1281,-5.44,-6.7094,-2.6239,-1.8271,-0.891,-0.9336,-1.9851,1.989,1.9406,1.891,0.9877,-1.9973,-1.9973,-0.8387,-1.5321,-0.5592,-0.8192,-0.7193,-0.8572,-0.8746,-0.848,-0.9272,0.9994,0.9848,0.9816,0.9659,0.9703,0.9816,1.9487,0.0,0.0,0.0,0.0,0.0,0.0,0.0,0.0,0.0,0.0,0.0,0.0,0.0,0.0,0.0,0.0,0.0,0.0,0.0,0.0,0.0
-0.225,-0.2588,-0.2419,-0.1392,-0.2091,-0.2437,-0.2615,-0.4875,-0.4693,-0.1743,0.1395,0.2093,-0.157,-0.3816,-0.5513,-0.3746,-0.4226,-0.3746,-0.515,-0.5299,-0.5736,-0.5736,-0.5878,-0.6018,-0.6018,-0.6428,-1.4142,-0.6561,-0.4848,-0.3907,-0.515,-1.5321,-3.564,-4.5677,-2.8532,-2.9708,-1.6773,-1.3383,-0.7771,-0.8387,-0.7986,-0.7986,-0.866,-0.9205,-0.9135,-0.8829,-1.8126,-1.5543,-1.6581,-0.8387,-0.8746,-0.9063,-0.8572,-0.9397,-0.9703,-0.9976,0.9903,0.9816,0.9781,0.9816,0.9945,0.9903,0.9903,0.9848,0.9744,0.0,0.0,0.0,0.0,0.0,0.0,0.0,0.0,0.0,0.0,0.0,0.0,0.0,0.0,0.0,0.0,0.0,0.0,0.0,0.0,0.0
-0.4067,-0.2924,-0.2419,-0.1736,-0.3473,-0.4693,-0.6257,-0.6946,-0.7632,-0.6946,-0.2615,-0.1743,-0.4838,-0.684,-0.7815,-0.4384,-0.515,-0.5592,-0.5736,-1.2036,-0.6157,-0.6157,-0.6561,-0.7071,-1.4863,-1.4627,-0.682,-0.5592,-0.4695,-0.2079,-1.5451,-3.4287,-4.3731,-3.4641,-0.9063,-0.8746,-0.6157,-0.5736,-0.5878,-0.5299,-1.3121,-1.2856,-1.3383,-0.6561,-1.3121,-1.4142,-1.364,-1.6383,-0.9563,-0.9703,-0.9816,-0.9945,-0.9744,-0.9962,0.9986,0.9986,0.9976,0.9986,-0.9994,0.9994,0.9945,0.9994,1.0,-0.9962,-0.9986,0.0,0.0,0.0,0.0,0.0,0.0,0.0,0.0,0.0,0.0,0.0,0.0,0.0,0.0,0.0,0.0,0.0,0.0,0.0,0.0,0.0
-0.4226,-0.342,-0.2588,-0.1392,-0.0698,-0.1047,-0.1743,-0.3473,-0.5847,-1.4335,-1.2361,-0.2079,-0.342,-0.4226,-0.4848,-1.0893,-1.1472,-1.2856,-0.6691,-0.5736,-1.2856,-0.7314,-0.7771,-0.7986,-0.8192,-0.829,-0.7431,-0.5736,-0.908,-1.4544,-2.7786,-4.4147,-3.8812,-1.9126,-0.9272,-0.848,-0.6018,-1.0598,-1.0,-1.2313,-2.084,-2.084,-1.9682,-1.5094,-0.6428,-0.7547,-0.866,-0.9336,-0.9903,-0.9848,-1.9696,-1.9988,0.9744,0.9816,0.9925,0.9976,1.0,1.0,-0.9962,-0.9962,-0.9994,-0.9945,0.9998,0.9925,0.9986,0.0,0.0,0.0,0.0,0.0,0.0,0.0,0.0,0.0,0.0,0.0,0.0,0.0,0.0,0.0,0.0,0.0,0.0,0.0,0.0,0.0
-0.3907,-0.3907,-0.2419,-0.1392,-0.0698,-0.0698,-0.0872,-0.2437,-0.3816,-0.5176,-0.2924,-0.3256,-0.3746,-0.4067,-0.4695,-1.0598,-1.2036,-1.3893,-0.7314,-0.6561,-0.6428,-0.7071,-0.7986,-0.8192,-1.6581,-1.6581,-0.7431,-1.3121,-2.0074,-2.8774,-3.152,-3.5952,-2.9231,-1.989,-1.9487,-0.9455,-1.7492,-1.576,-2.2981,-2.1213,-2.4575,-2.4871,-1.6581,-0.8572,-0.848,-0.8387,-0.8829,-1.8672,-1.9126,-1.9633,-1.9924,1.0,0.9994,-1.0,1.9988,1.9973,-0.9945,-0.9848,-3.9976,-1.9973,-0.9903,-0.9877,-0.9848,-1.0,0.9903,0.0,0.0,0.0,0.0,0.0,0.0,0.0,0.0,0.0,0.0,0.0,0.0,0.0,0.0,0.0,0.0,0.0,0.0,0.0,0.0,0.0
-0.4695,-0.454,-0.4067,-0.2924,-0.2924,-0.2924,-0.2419,-0.225,-0.2924,-0.7492,-0.3907,-0.454,-0.5299,-0.5878,-1.2036,-1.2313,-1.2856,-1.3893,-0.7071,-0.7071,-0.7431,-1.5094,-0.7431,-0.8192,-0.809,-1.7143,-1.6773,-1.6773,-2.5715,-2.5981,-2.6488,-3.7343,-2.8838,-2.9109,-1.9406,-1.891,-2.6964,-2.5441,-2.5715,-1.4387,-1.3893,-1.6581,-0.9063,-0.8572,-1.5973,-1.618,-1.6383,-1.782,-1.891,-1.9406,-0.9744,-0.9848,-0.9877,-0.9816,-0.9659,-1.9696,-1.9805,-2.9927,3.9976,-1.9997,-1.9997,-0.9976,-0.9945,-0.9945,-0.9998,0.0,0.0,0.0,0.0,0.0,0.0,0.0,0.0,0.0,0.0,0.0,0.0,0.0,0.0,0.0,0.0,0.0,0.0,0.0,0.0,0.0
-0.9696,-0.8452,-0.7492,-0.2419,-0.2419,-0.309,-0.2924,-0.3256,-0.3907,-0.908,-0.515,-0.5592,-0.6018,-1.3383,-1.364,-1.3893,-0.7314,-0.7771,-0.809,-0.829,-1.6773,-1.6773,-0.8192,-0.848,-0.848,-1.782,-0.891,-1.8126,-1.841,-2.7816,-2.8007,-2.8366,-2.8838,-2.9109,-2.9109,-2.8191,-2.8007,-2.7189,-1.8126,-1.841,-0.8387,-0.7193,-0.866,-1.9021,-1.782,-1.618,-1.6773,-1.7976,-1.8271,-2.8007,-0.9563,-0.9613,-0.9659,-0.9703,-0.9659,-0.9703,-0.9781,-0.9744,-0.9816,-0.9848,-0.9659,-0.9703,-0.9563,-0.9511,-0.9744,0.0,0.0,0.0,0.0,0.0,0.0,0.0,0.0,0.0,0.0,0.0,0.0,0.0,0.0,0.0,0.0,0.0,0.0,0.0,0.0,0.0
-0.4067,-0.2924,-0.1908,-0.2588,-0.342,-0.3907,-0.4067,-0.4384,-0.4848,-0.515,-0.515,-0.5446,-0.6018,-0.6428,-0.6947,-0.7193,-0.7547,-0.766,-0.7771,-0.809,-1.7143,-1.7492,-0.866,-0.866,-1.7976,-1.8794,-1.9225,-1.9225,-1.9225,-2.8689,-2.9109,-2.9231,-2.9344,-1.9563,-2.9544,-2.8838,-2.8007,-2.7615,-1.8126,-1.841,-1.6961,-1.4627,-2.6488,-1.841,-1.8271,-1.8126,-1.782,-1.8126,-1.8672,-1.8794,-0.9272,-0.9336,-0.9272,-0.9397,-1.9021,-0.9659,-0.9613,-0.9397,-0.9272,-0.9613,-0.9511,-0.866,-0.8387,-0.8829,-0.891,0.0,0.0,0.0,0.0,0.0,0.0,0.0,0.0,0.0,0.0,0.0,0.0,0.0,0.0,0.0,0.0,0.0,0.0,0.0,0.0,0.0
-0.309,-0.2756,-0.3907,-0.454,-0.4695,-0.5,-0.4848,-0.515,-0.5736,-0.6428,-0.6691,-0.6691,-0.6691,-0.682,-0.7547,-0.788,-0.8192,-0.8387,-0.848,-0.866,-1.7659,-1.8126,-0.9135,-0.9135,-1.8672,-1.9021,-1.9487,-1.9563,-2.9544,-2.9544,-2.9708,-2.9708,-1.9805,-1.9851,-1.9851,-2.9344,-2.8532,-2.7615,-1.7976,-0.8746,-0.848,-1.6383,-1.8126,-1.8271,-0.8829,-0.9336,-0.9455,-0.9272,-0.9205,-0.9205,-0.9205,-0.9397,-0.9336,-0.9272,-0.9272,-0.9336,-0.9336,-0.9336,-0.9205,-0.9397,-0.9511,-0.8988,-0.8192,-0.7986,-0.788,0.0,0.0,0.0,0.0,0.0,0.0,0.0,0.0,0.0,0.0,0.0,0.0,0.0,0.0,0.0,0.0,0.0,0.0,0.0,0.0,0.0
